0 0.9296875 0.6484375 0.08203125 0.041015625
0 0.5390625 0.36328125 0.83984375 0.7265625
0 0.00390625 0.6142578125 0.0078125 0.009765625
0 0.21484375 0.7275390625 0.013671875 0.009765625
0 0.115234375 0.474609375 0.009765625 0.005859375
0 0.0107421875 0.560546875 0.021484375 0.0390625
1 0.11328125 0.546875 0.216796875 0.1875
1 0.1083984375 0.7265625 0.216796875 0.3046875
1 0.2353515625 0.6396484375 0.306640625 0.541015625
1 0.3564453125 0.4130859375 0.03125 0.0859375
1 0.5576171875 0.396484375 0.033203125 0.068359375
1 0.458984375 0.45703125 0.060546875 0.12109375
1 0.46484375 0.6669921875 0.40234375 0.666015625
1 0.681640625 0.79296875 0.224609375 0.31640625