0 0.0595703125 0.3525390625 0.115234375 0.052734375
0 0.3115234375 0.3291015625 0.134765625 0.041015625
0 0.4140625 0.3330078125 0.04296875 0.025390625
0 0.5693359375 0.3212890625 0.064453125 0.029296875
0 0.611328125 0.36328125 0.03515625 0.01953125
0 0.677734375 0.375 0.0234375 0.0234375
0 0.607421875 0.54296875 0.03515625 0.0390625
0 0.5185546875 0.5576171875 0.044921875 0.029296875
0 0.4658203125 0.5576171875 0.048828125 0.044921875
0 0.1494140625 0.62890625 0.123046875 0.02734375
0 0.11328125 0.4609375 0.22265625 0.12109375
0 0.3134765625 0.5263671875 0.181640625 0.111328125
1 0.1455078125 0.2529296875 0.291015625 0.505859375
1 0.228515625 0.20703125 0.13671875 0.23828125