0 0.7919921875 0.76171875 0.416015625 0.4765625
0 0.1728515625 0.703125 0.341796875 0.59375
1 0.75232421875 0.206328125 0.37349609375000004 0.39705078125
1 0.0849609375 0.7314453125 0.169921875 0.181640625
1 0.19640625 0.51923828125 0.10296875 0.08845703124999998
1 0.10033203124999998 0.2316015625 0.1829296875 0.37349609375
1 0.3481640625 0.43857421875 0.159921875 0.25916015624999994
1 0.37705078125 0.12591796875 0.19472656249999998 0.24714843750000004
1 0.73736328125 0.71642578125 0.2552148437499999 0.55318359375
1 0.95669921875 0.40556640625 0.08660156250000006 0.15019531250000007
1 0.91900390625 0.66255859375 0.09244140625000008 0.23605468750000003