0 0.1083984375 0.25 0.125 0.078125
0 0.3583984375 0.2890625 0.140625 0.072265625
0 0.45703125 0.3173828125 0.046875 0.03515625
0 0.6103515625 0.34375 0.0703125 0.044921875
0 0.640625 0.39453125 0.0390625 0.02734375
0 0.703125 0.421875 0.029296875 0.029296875
0 0.59375 0.5673828125 0.04296875 0.046875
0 0.50390625 0.560546875 0.05078125 0.0390625
0 0.453125 0.5478515625 0.05859375 0.0546875
0 0.12890625 0.5400390625 0.126953125 0.056640625
0 0.1337890625 0.3681640625 0.24609375 0.171875
0 0.3125 0.48046875 0.203125 0.15234375
1 0.2158203125 0.2275390625 0.404296875 0.455078125
1 0.3076171875 0.150390625 0.189453125 0.263671875