0 0.79296875 0.275390625 0.4140625 0.5234375
0 0.203125 0.287109375 0.40625 0.57421875
1 0.7138671875 0.80078125 0.419921875 0.3984375
1 0.1162109375 0.2197265625 0.19140625 0.201171875
1 0.201171875 0.4443359375 0.11328125 0.099609375
1 0.091796875 0.7177734375 0.18359375 0.392578125
1 0.341796875 0.5419921875 0.189453125 0.27734375
1 0.33203125 0.8564453125 0.22265625 0.26953125
1 0.76171875 0.314453125 0.3203125 0.580078125
1 0.94140625 0.6494140625 0.103515625 0.16015625
1 0.935546875 0.3896484375 0.12109375 0.24609375