0 0.7958984375 0.58984375 0.009765625 0.0078125
0 0.783203125 0.5869140625 0.0078125 0.005859375
0 0.8349609375 0.6015625 0.013671875 0.0078125
0 0.806640625 0.6015625 0.0078125 0.01171875
0 0.8095703125 0.5927734375 0.001953125 0.005859375
0 0.8193359375 0.595703125 0.005859375 0.0078125
0 0.8125 0.5986328125 0.00390625 0.005859375
0 0.84765625 0.6025390625 0.00390625 0.009765625
0 0.85546875 0.609375 0.0078125 0.00390625
0 0.86328125 0.609375 0.00390625 0.00390625
0 0.87109375 0.6142578125 0.0078125 0.005859375
0 0.865234375 0.6123046875 0.00390625 0.001953125
0 0.888671875 0.6220703125 0.01171875 0.005859375
0 0.9287109375 0.638671875 0.009765625 0.0078125
0 0.9375 0.6455078125 0.0078125 0.005859375
0 0.7001953125 0.5654296875 0.017578125 0.009765625
0 0.673828125 0.5654296875 0.00390625 0.009765625
0 0.64453125 0.5556640625 0.0078125 0.005859375
0 0.6552734375 0.5576171875 0.009765625 0.005859375
0 0.6650390625 0.556640625 0.001953125 0.00390625
0 0.60546875 0.5439453125 0.00390625 0.005859375
0 0.62890625 0.55078125 0.00390625 0.00390625
0 0.5908203125 0.5419921875 0.005859375 0.001953125
0 0.578125 0.5390625 0.00390625 0.00390625
0 0.5517578125 0.53515625 0.001953125 0.00390625
0 0.4912109375 0.521484375 0.001953125 0.01171875
0 0.5048828125 0.5263671875 0.001953125 0.001953125
0 0.4814453125 0.5263671875 0.001953125 0.001953125
0 0.4736328125 0.5263671875 0.005859375 0.001953125
0 0.4365234375 0.5439453125 0.005859375 0.009765625
0 0.423828125 0.546875 0.0078125 0.01171875
0 0.42578125 0.5595703125 0.00390625 0.009765625
0 0.44140625 0.5546875 0.00390625 0.00390625
0 0.439453125 0.5634765625 0.00390625 0.001953125
0 0.4501953125 0.58984375 0.021484375 0.0234375
0 0.4443359375 0.5712890625 0.013671875 0.013671875
0 0.4375 0.580078125 0.00390625 0.00390625
0 0.2861328125 0.556640625 0.005859375 0.00390625
0 0.30078125 0.5537109375 0.015625 0.001953125
0 0.318359375 0.552734375 0.00390625 0.00390625
0 0.3134765625 0.55859375 0.001953125 0.0078125
0 0.330078125 0.5498046875 0.00390625 0.005859375
0 0.302734375 0.5703125 0.00390625 0.00390625
0 0.2666015625 0.5654296875 0.005859375 0.005859375
0 0.2822265625 0.5595703125 0.005859375 0.001953125
0 0.2509765625 0.57421875 0.005859375 0.00390625
0 0.306640625 0.9873046875 0.0078125 0.017578125
0 0.3173828125 0.9775390625 0.013671875 0.017578125
0 0.3408203125 0.9775390625 0.025390625 0.017578125
0 0.154296875 0.845703125 0.01953125 0.02734375
0 0.0751953125 0.837890625 0.013671875 0.015625
0 0.0830078125 0.8271484375 0.005859375 0.005859375
0 0.12109375 0.853515625 0.0078125 0.0078125
0 0.130859375 0.841796875 0.0078125 0.0078125
0 0.048828125 0.837890625 0.0078125 0.0078125
1 0.6826171875 0.4208984375 0.494140625 0.408203125
1 0.3427734375 0.3896484375 0.142578125 0.341796875
1 0.318359375 0.8056640625 0.0703125 0.322265625
1 0.1923828125 0.92578125 0.111328125 0.13671875
1 0.470703125 0.908203125 0.11328125 0.18359375