0 0.396484375 0.53515625 0.0859375 0.044921875
0 0.3173828125 0.431640625 0.037109375 0.0234375
0 0.4794921875 0.4296875 0.208984375 0.029296875
0 0.2216796875 0.4345703125 0.044921875 0.015625
0 0.2353515625 0.5068359375 0.060546875 0.013671875
1 0.1591796875 0.4677734375 0.02734375 0.025390625
1 0.240234375 0.4736328125 0.0859375 0.056640625
1 0.255859375 0.328125 0.08984375 0.24609375
1 0.3291015625 0.3359375 0.068359375 0.205078125
1 0.470703125 0.3232421875 0.169921875 0.185546875
1 0.3876953125 0.53515625 0.04296875 0.03515625