0 0.3076171875 0.9541015625 0.009765625 0.021484375
0 0.3037109375 0.9892578125 0.001953125 0.009765625
0 0.3232421875 0.94921875 0.021484375 0.01171875
0 0.4912109375 0.9677734375 0.013671875 0.013671875
0 0.501953125 0.9765625 0.0078125 0.01953125
0 0.498046875 0.9951171875 0.0078125 0.009765625
0 0.486328125 0.9990234375 0.00390625 0.001953125
0 0.4951171875 0.95703125 0.009765625 0.0078125
0 0.5029296875 0.9306640625 0.017578125 0.009765625
0 0.50390625 0.94140625 0.0078125 0.0078125
0 0.4990234375 0.9501953125 0.005859375 0.005859375
0 0.505859375 0.89453125 0.015625 0.0625
0 0.4912109375 0.8564453125 0.017578125 0.013671875
0 0.490234375 0.8671875 0.015625 0.00390625
0 0.408203125 0.810546875 0.0390625 0.015625
0 0.3828125 0.8251953125 0.0078125 0.009765625
0 0.37890625 0.8369140625 0.0078125 0.009765625
0 0.2529296875 0.7236328125 0.021484375 0.017578125
0 0.1884765625 0.7138671875 0.013671875 0.013671875
0 0.34765625 0.5078125 0.0390625 0.00390625
0 0.359375 0.513671875 0.00390625 0.00390625
0 0.4814453125 0.533203125 0.025390625 0.03125
0 0.46484375 0.5087890625 0.0234375 0.017578125
0 0.70703125 0.5234375 0.01953125 0.0078125
0 0.8017578125 0.552734375 0.013671875 0.01171875
0 0.7890625 0.5419921875 0.01953125 0.009765625
0 0.8134765625 0.548828125 0.005859375 0.0078125
0 0.8251953125 0.5546875 0.009765625 0.0078125
0 0.85546875 0.5625 0.015625 0.0078125
0 0.837890625 0.5556640625 0.00390625 0.005859375
0 0.8720703125 0.5712890625 0.013671875 0.005859375
0 0.9150390625 0.5908203125 0.005859375 0.005859375
0 0.9072265625 0.583984375 0.009765625 0.0078125
1 0.513671875 0.7783203125 0.078125 0.197265625
1 0.400390625 0.775390625 0.0546875 0.19140625
1 0.318359375 0.8447265625 0.07421875 0.298828125
1 0.6806640625 0.4140625 0.458984375 0.34375
1 0.3818359375 0.3642578125 0.119140625 0.294921875