0 0.8046875 0.552734375 0.009765625 0.009765625
0 0.7919921875 0.5517578125 0.0078125 0.005859375
0 0.8447265625 0.5595703125 0.013671875 0.009765625
0 0.81640625 0.5634765625 0.009765625 0.01171875
0 0.818359375 0.5546875 0.001953125 0.005859375
0 0.8291015625 0.5556640625 0.005859375 0.0078125
0 0.822265625 0.5595703125 0.00390625 0.005859375
0 0.857421875 0.5595703125 0.005859375 0.009765625
0 0.8662109375 0.5654296875 0.0078125 0.00390625
0 0.8740234375 0.564453125 0.00390625 0.00390625
0 0.8818359375 0.568359375 0.0078125 0.005859375
0 0.8759765625 0.5673828125 0.00390625 0.001953125
0 0.900390625 0.57421875 0.01171875 0.0078125
0 0.9423828125 0.5849609375 0.009765625 0.009765625
0 0.9521484375 0.5908203125 0.0078125 0.005859375
0 0.70703125 0.541015625 0.01953125 0.01171875
0 0.6806640625 0.5439453125 0.005859375 0.009765625
0 0.650390625 0.5380859375 0.0078125 0.005859375
0 0.6611328125 0.5380859375 0.009765625 0.0078125
0 0.6708984375 0.5361328125 0.001953125 0.00390625
0 0.6103515625 0.53125 0.00390625 0.005859375
0 0.6337890625 0.53515625 0.00390625 0.00390625
0 0.595703125 0.5302734375 0.005859375 0.001953125
0 0.58203125 0.529296875 0.00390625 0.00390625
0 0.5556640625 0.5283203125 0.001953125 0.00390625
0 0.494140625 0.5224609375 0.00390625 0.01171875
0 0.5078125 0.525390625 0.001953125 0.001953125
0 0.484375 0.5283203125 0.001953125 0.001953125
0 0.4765625 0.529296875 0.005859375 0.001953125
0 0.4423828125 0.5517578125 0.0078125 0.009765625
0 0.4296875 0.5556640625 0.009765625 0.01171875
0 0.43359375 0.568359375 0.005859375 0.009765625
0 0.4482421875 0.5615234375 0.00390625 0.00390625
0 0.447265625 0.5703125 0.00390625 0.001953125
0 0.4619140625 0.595703125 0.0234375 0.025390625
0 0.453125 0.5771484375 0.015625 0.015625
0 0.447265625 0.5869140625 0.00390625 0.00390625
0 0.294921875 0.58203125 0.005859375 0.00390625
0 0.30859375 0.5771484375 0.015625 0.00390625
0 0.326171875 0.57421875 0.00390625 0.00390625
0 0.322265625 0.5810546875 0.001953125 0.0078125
0 0.337890625 0.5703125 0.00390625 0.005859375
0 0.3125 0.59375 0.00390625 0.00390625
0 0.2763671875 0.59375 0.005859375 0.005859375
0 0.291015625 0.5859375 0.005859375 0.001953125
0 0.26171875 0.6044921875 0.005859375 0.00390625
0 0.376953125 0.9931640625 0.015625 0.013671875
0 0.400390625 0.9912109375 0.02734375 0.017578125
0 0.19921875 0.8857421875 0.0234375 0.029296875
0 0.119140625 0.88671875 0.015625 0.017578125
0 0.1259765625 0.8759765625 0.005859375 0.005859375
0 0.1669921875 0.8974609375 0.0078125 0.0078125
0 0.1748046875 0.8837890625 0.0078125 0.0078125
0 0.09375 0.890625 0.0078125 0.0078125
1 0.671875 0.3994140625 0.541015625 0.46484375
1 0.330078125 0.4091796875 0.18359375 0.357421875
1 0.357421875 0.8251953125 0.109375 0.328125
1 0.2451171875 0.9423828125 0.126953125 0.115234375
1 0.5205078125 0.9052734375 0.134765625 0.189453125