0 0.7919921875 0.259765625 0.416015625 0.50390625
0 0.189453125 0.291015625 0.37890625 0.58203125
1 0.7314453125 0.7998046875 0.400390625 0.400390625
1 0.1025390625 0.240234375 0.181640625 0.193359375
1 0.1982421875 0.4599609375 0.109375 0.095703125
1 0.09375 0.7392578125 0.1875 0.384765625
1 0.3447265625 0.55078125 0.177734375 0.26953125
1 0.3515625 0.8642578125 0.2109375 0.259765625
1 0.751953125 0.30078125 0.29296875 0.5703125
1 0.94921875 0.6259765625 0.09765625 0.15625
1 0.9296875 0.3671875 0.109375 0.2421875