0 0.9765625 0.9345703125 0.046875 0.099609375
0 0.9443359375 0.4052734375 0.078125 0.03125
0 0.521484375 0.65234375 0.76953125 0.66796875
0 0.01953125 0.3251953125 0.009765625 0.0078125
0 0.2451171875 0.2392578125 0.01171875 0.0078125
0 0.115234375 0.478515625 0.009765625 0.00390625
0 0.015625 0.3779296875 0.03125 0.037109375
1 0.12109375 0.40625 0.201171875 0.1640625
1 0.1162109375 0.2236328125 0.232421875 0.279296875
1 0.2548828125 0.3291015625 0.24609375 0.51953125
1 0.3466796875 0.5693359375 0.01953125 0.083984375
1 0.544921875 0.609375 0.025390625 0.06640625
1 0.4541015625 0.5380859375 0.046875 0.1171875
1 0.4873046875 0.3232421875 0.326171875 0.646484375
1 0.716796875 0.2314453125 0.19140625 0.296875