0 0.39453125 0.5322265625 0.0859375 0.048828125
0 0.3203125 0.42578125 0.0390625 0.0234375
0 0.482421875 0.4296875 0.2109375 0.03515625
0 0.224609375 0.4248046875 0.044921875 0.017578125
0 0.2353515625 0.4970703125 0.060546875 0.015625
1 0.16015625 0.4560546875 0.029296875 0.02734375
1 0.2412109375 0.4638671875 0.087890625 0.060546875
1 0.26171875 0.3203125 0.099609375 0.25
1 0.3349609375 0.330078125 0.07421875 0.20703125
1 0.4775390625 0.322265625 0.17578125 0.19140625
1 0.38671875 0.53125 0.044921875 0.037109375