0 0.3974609375 0.5390625 0.083984375 0.04296875
0 0.3154296875 0.4384765625 0.037109375 0.021484375
0 0.4775390625 0.4306640625 0.208984375 0.021484375
0 0.2197265625 0.4443359375 0.044921875 0.013671875
0 0.2353515625 0.515625 0.060546875 0.01171875
1 0.158203125 0.4794921875 0.02734375 0.025390625
1 0.2392578125 0.482421875 0.083984375 0.0546875
1 0.25 0.3369140625 0.08203125 0.244140625
1 0.3232421875 0.341796875 0.060546875 0.203125
1 0.46484375 0.32421875 0.1640625 0.1796875
1 0.389375 0.53876953125 0.042363281249999996 0.03376953124999993