0 0.2314453125 0.0859375 0.013671875 0.0234375
0 0.2216796875 0.052734375 0.00390625 0.009765625
0 0.248046875 0.087890625 0.0234375 0.015625
0 0.41015625 0.041015625 0.015625 0.015625
0 0.4189453125 0.0302734375 0.01171875 0.021484375
0 0.412109375 0.0126953125 0.009765625 0.01171875
0 0.3994140625 0.0107421875 0.00390625 0.001953125
0 0.416015625 0.05078125 0.01171875 0.009765625
0 0.427734375 0.0751953125 0.01953125 0.01171875
0 0.4267578125 0.064453125 0.009765625 0.009765625
0 0.4208984375 0.056640625 0.005859375 0.005859375
0 0.4375 0.1103515625 0.025390625 0.064453125
0 0.4296875 0.150390625 0.01953125 0.015625
0 0.4267578125 0.1396484375 0.015625 0.005859375
0 0.35546875 0.2099609375 0.041015625 0.021484375
0 0.328125 0.2001953125 0.009765625 0.01171875
0 0.322265625 0.189453125 0.009765625 0.01171875
0 0.2177734375 0.322265625 0.0234375 0.021484375
0 0.15625 0.34375 0.015625 0.015625
0 0.3486328125 0.5185546875 0.0390625 0.009765625
0 0.359375 0.5107421875 0.00390625 0.00390625
0 0.4755859375 0.470703125 0.03125 0.03515625
0 0.4638671875 0.4970703125 0.025390625 0.021484375
0 0.7001953125 0.44140625 0.021484375 0.01171875
0 0.7880859375 0.3955078125 0.015625 0.013671875
0 0.77734375 0.408203125 0.021484375 0.013671875
0 0.7998046875 0.3974609375 0.0078125 0.0078125
0 0.810546875 0.3896484375 0.01171875 0.009765625
0 0.8388671875 0.376953125 0.017578125 0.009765625
0 0.8232421875 0.38671875 0.00390625 0.005859375
0 0.8544921875 0.365234375 0.013671875 0.0078125
0 0.892578125 0.3388671875 0.005859375 0.005859375
0 0.88671875 0.3466796875 0.01171875 0.009765625
1 0.46484375 0.2236328125 0.111328125 0.20703125
1 0.3544921875 0.24609375 0.087890625 0.197265625
1 0.26171875 0.1923828125 0.125 0.306640625
1 0.6923828125 0.5537109375 0.51171875 0.41796875
1 0.4072265625 0.654296875 0.16796875 0.310546875