0 0.3203125 0.61328125 0.04296875 0.091796875
0 0.1494140625 0.59375 0.080078125 0.025390625
0 0.5859375 0.59375 0.041015625 0.021484375
0 0.6328125 0.607421875 0.03125 0.015625
0 0.7626953125 0.65625 0.025390625 0.033203125
0 0.8173828125 0.669921875 0.033203125 0.01953125
0 0.859375 0.689453125 0.02734375 0.0234375
0 0.9296875 0.7255859375 0.021484375 0.017578125
1 0.80859375 0.4892578125 0.26171875 0.4765625
1 0.5986328125 0.416015625 0.158203125 0.375
1 0.373046875 0.4755859375 0.1484375 0.255859375
1 0.1923828125 0.416015625 0.162109375 0.35546875