0 0.314453125 0.603515625 0.0390625 0.08984375
0 0.14453125 0.5751953125 0.078125 0.021484375
0 0.5810546875 0.59765625 0.041015625 0.01953125
0 0.626953125 0.6142578125 0.03125 0.013671875
0 0.75390625 0.669921875 0.0234375 0.03125
0 0.8076171875 0.6865234375 0.033203125 0.017578125
0 0.8486328125 0.7080078125 0.025390625 0.021484375
0 0.9169921875 0.748046875 0.021484375 0.015625
1 0.80859375 0.505859375 0.23828125 0.46484375
1 0.6025390625 0.4208984375 0.138671875 0.369140625
1 0.3740234375 0.46875 0.134765625 0.25
1 0.197265625 0.400390625 0.14453125 0.34765625