0 0.78515625 0.3798828125 0.009765625 0.009765625
0 0.7724609375 0.3837890625 0.0078125 0.005859375
0 0.822265625 0.3642578125 0.013671875 0.009765625
0 0.7939453125 0.3671875 0.009765625 0.01171875
0 0.7978515625 0.375 0.001953125 0.005859375
0 0.8076171875 0.37109375 0.005859375 0.0078125
0 0.80078125 0.369140625 0.00390625 0.005859375
0 0.8349609375 0.361328125 0.005859375 0.009765625
0 0.841796875 0.3544921875 0.0078125 0.00390625
0 0.849609375 0.353515625 0.00390625 0.00390625
0 0.857421875 0.34765625 0.0078125 0.005859375
0 0.8515625 0.3505859375 0.00390625 0.001953125
0 0.8740234375 0.337890625 0.01171875 0.0078125
0 0.912109375 0.3173828125 0.009765625 0.009765625
0 0.919921875 0.3095703125 0.0078125 0.005859375
0 0.6923828125 0.4140625 0.017578125 0.01171875
0 0.666015625 0.4169921875 0.005859375 0.009765625
0 0.6376953125 0.4296875 0.0078125 0.005859375
0 0.6484375 0.4267578125 0.009765625 0.0078125
0 0.658203125 0.4267578125 0.001953125 0.00390625
0 0.6005859375 0.4453125 0.00390625 0.005859375
0 0.623046875 0.435546875 0.00390625 0.00390625
0 0.5859375 0.44921875 0.005859375 0.001953125
0 0.5732421875 0.453125 0.00390625 0.00390625
0 0.5478515625 0.4599609375 0.001953125 0.00390625
0 0.4892578125 0.4794921875 0.00390625 0.01171875
0 0.501953125 0.4736328125 0.001953125 0.001953125
0 0.478515625 0.4755859375 0.001953125 0.001953125
0 0.470703125 0.4765625 0.005859375 0.001953125
0 0.4326171875 0.462890625 0.0078125 0.009765625
0 0.4189453125 0.4609375 0.009765625 0.01171875
0 0.419921875 0.4482421875 0.005859375 0.009765625
0 0.435546875 0.4521484375 0.00390625 0.00390625
0 0.43359375 0.443359375 0.00390625 0.001953125
0 0.44140625 0.416015625 0.0234375 0.025390625
0 0.4375 0.4345703125 0.015625 0.015625
0 0.4296875 0.4267578125 0.00390625 0.00390625
0 0.28125 0.4658203125 0.005859375 0.00390625
0 0.2958984375 0.4677734375 0.015625 0.00390625
0 0.3134765625 0.466796875 0.00390625 0.00390625
0 0.30859375 0.4609375 0.001953125 0.0078125
0 0.326171875 0.4677734375 0.00390625 0.005859375
0 0.296875 0.451171875 0.00390625 0.00390625
0 0.2607421875 0.458984375 0.005859375 0.005859375
0 0.27734375 0.4638671875 0.005859375 0.001953125
0 0.244140625 0.4521484375 0.005859375 0.00390625
0 0.2568359375 0.03515625 0.009765625 0.017578125
0 0.2685546875 0.0439453125 0.015625 0.01953125
0 0.2919921875 0.0419921875 0.02734375 0.01953125
0 0.1201171875 0.1923828125 0.021484375 0.029296875
0 0.0419921875 0.2080078125 0.015625 0.017578125
0 0.05078125 0.2177734375 0.005859375 0.005859375
0 0.0859375 0.1884765625 0.0078125 0.0078125
0 0.0966796875 0.1982421875 0.0078125 0.0078125
0 0.015625 0.2109375 0.0078125 0.0078125
1 0.689453125 0.5595703125 0.533203125 0.45703125
1 0.35546875 0.6259765625 0.177734375 0.35546875
1 0.287109375 0.21484375 0.103515625 0.328125
1 0.1494140625 0.1083984375 0.125 0.1484375
1 0.427734375 0.0966796875 0.1328125 0.193359375