0 0.2607421875 0.068359375 0.01171875 0.021484375
0 0.25390625 0.0341796875 0.00390625 0.009765625
0 0.27734375 0.0712890625 0.0234375 0.013671875
0 0.4423828125 0.0361328125 0.015625 0.015625
0 0.4521484375 0.025390625 0.009765625 0.01953125
0 0.4462890625 0.0078125 0.009765625 0.009765625
0 0.4345703125 0.0048828125 0.00390625 0.001953125
0 0.447265625 0.0458984375 0.009765625 0.009765625
0 0.4580078125 0.0712890625 0.017578125 0.01171875
0 0.4580078125 0.060546875 0.0078125 0.0078125
0 0.4521484375 0.052734375 0.005859375 0.005859375
0 0.46484375 0.107421875 0.021484375 0.064453125
0 0.4541015625 0.146484375 0.01953125 0.015625
0 0.4521484375 0.1357421875 0.015625 0.005859375
0 0.3759765625 0.201171875 0.041015625 0.01953125
0 0.349609375 0.1884765625 0.009765625 0.009765625
0 0.3447265625 0.177734375 0.009765625 0.009765625
0 0.23046875 0.3037109375 0.0234375 0.01953125
0 0.16796875 0.3203125 0.015625 0.015625
0 0.34765625 0.5078125 0.0390625 0.0078125
0 0.3583984375 0.5009765625 0.00390625 0.00390625
0 0.478515625 0.46875 0.029296875 0.033203125
0 0.4638671875 0.4951171875 0.025390625 0.01953125
0 0.703125 0.455078125 0.01953125 0.009765625
0 0.794921875 0.416015625 0.015625 0.013671875
0 0.783203125 0.427734375 0.01953125 0.01171875
0 0.806640625 0.4189453125 0.005859375 0.0078125
0 0.8173828125 0.4111328125 0.009765625 0.009765625
0 0.8466796875 0.400390625 0.015625 0.009765625
0 0.830078125 0.4091796875 0.00390625 0.005859375
0 0.8623046875 0.390625 0.013671875 0.0078125
0 0.9033203125 0.3662109375 0.005859375 0.005859375
0 0.896484375 0.3740234375 0.009765625 0.009765625
1 0.484375 0.2216796875 0.09765625 0.205078125
1 0.3720703125 0.236328125 0.07421875 0.1953125
1 0.283203125 0.17578125 0.10546875 0.3046875
1 0.6884765625 0.56640625 0.4921875 0.390625
1 0.396484375 0.6474609375 0.1484375 0.306640625