0 0.3095703125 0.59375 0.04296875 0.091796875
0 0.140625 0.556640625 0.080078125 0.025390625
0 0.576171875 0.6015625 0.041015625 0.021484375
0 0.62109375 0.62109375 0.03125 0.015625
0 0.7451171875 0.6826171875 0.025390625 0.033203125
0 0.7978515625 0.7021484375 0.033203125 0.01953125
0 0.8369140625 0.7255859375 0.02734375 0.0234375
0 0.9033203125 0.76953125 0.021484375 0.017578125
1 0.8076171875 0.5224609375 0.26171875 0.4765625
1 0.6064453125 0.4267578125 0.158203125 0.375
1 0.3759765625 0.4619140625 0.1484375 0.255859375
1 0.203125 0.384765625 0.162109375 0.35546875