0 0.2209375 0.9322222222222222 0.14125 0.07444444444444444
0 0.0921875 0.9111111111111111 0.103125 0.07111111111111111
0 0.0965625 0.6033333333333334 0.19125 0.10444444444444445
0 0.481875 0.6233333333333333 0.568125 0.11888888888888889
0 0.4796875 0.8877777777777778 0.02875 0.04666666666666667
0 0.5440625 0.8844444444444445 0.03 0.06
0 0.63375 0.8888888888888888 0.110625 0.08333333333333333
0 0.7715625 0.9061111111111111 0.130625 0.08222222222222222
0 0.8328125 0.5505555555555556 0.14625 0.14666666666666667
0 0.5421875 0.34555555555555556 0.39125 0.15222222222222223
0 0.265625 0.1622222222222222 0.146875 0.31444444444444447