0 0.2253125 0.059444444444444446 0.140625 0.07
0 0.09625 0.07611111111111112 0.1025 0.06777777777777778
0 0.0975 0.3838888888888889 0.19 0.09888888888888889
0 0.483125 0.3761111111111111 0.5675 0.10111111111111111
0 0.4834375 0.11166666666666666 0.028125 0.04555555555555556
0 0.5478125 0.11722222222222223 0.029375 0.058888888888888886
0 0.6375 0.11555555555555555 0.11 0.08
0 0.775625 0.10222222222222223 0.13 0.07777777777777778
0 0.833125 0.46 0.145 0.14222222222222222
0 0.540625 0.6555555555555556 0.39 0.14
0 0.2625 0.8305555555555556 0.14375 0.31