0 0.083984375 0.29296875 0.12109375 0.068359375
0 0.3369140625 0.3046875 0.138671875 0.05859375
0 0.4384765625 0.322265625 0.046875 0.03125
0 0.59375 0.3330078125 0.068359375 0.037109375
0 0.62890625 0.3798828125 0.037109375 0.0234375
0 0.693359375 0.4013671875 0.02734375 0.02734375
0 0.6005859375 0.5576171875 0.041015625 0.04296875
0 0.5107421875 0.5595703125 0.048828125 0.03515625
0 0.4580078125 0.552734375 0.0546875 0.05078125
0 0.134765625 0.5791015625 0.125 0.044921875
0 0.1220703125 0.4072265625 0.23828125 0.150390625
0 0.3115234375 0.5 0.1953125 0.134765625
1 0.18359375 0.23828125 0.359375 0.4765625
1 0.271484375 0.171875 0.16796875 0.255859375