0 0.9697265625 0.951171875 0.060546875 0.09765625
0 0.947265625 0.4208984375 0.078125 0.029296875
0 0.5166015625 0.6533203125 0.748046875 0.642578125
0 0.0263671875 0.30859375 0.009765625 0.0078125
0 0.25390625 0.23046875 0.01171875 0.0078125
0 0.1162109375 0.46484375 0.009765625 0.00390625
0 0.01953125 0.361328125 0.03125 0.03515625
1 0.125 0.3935546875 0.1953125 0.158203125
1 0.12109375 0.2099609375 0.234375 0.271484375
1 0.2607421875 0.3203125 0.228515625 0.51171875
1 0.3447265625 0.5634765625 0.017578125 0.083984375
1 0.541015625 0.611328125 0.0234375 0.06640625
1 0.453125 0.5361328125 0.04296875 0.115234375
1 0.494140625 0.3212890625 0.3046875 0.642578125
1 0.7255859375 0.2392578125 0.181640625 0.291015625